[gd_scene load_steps=34 format=3 uid="uid://rj5fj2lu5sew"]

[ext_resource type="Script" path="res://steve.gd" id="1_nijpb"]
[ext_resource type="Script" path="res://master.gd" id="1_ogsgm"]
[ext_resource type="Script" path="res://RayCast3D.gd" id="2_xn5qt"]
[ext_resource type="ArrayMesh" uid="uid://clh2iuyx7qlfp" path="res://orient_cube.tres" id="4_aasdj"]
[ext_resource type="PackedScene" uid="uid://bj4ow2qwjpftr" path="res://steve.glb" id="5_3hlfy"]
[ext_resource type="PackedScene" uid="uid://ygrlakobjdvg" path="res://from_mixamo.glb" id="6_o1hs1"]
[ext_resource type="PackedScene" uid="uid://dgpjxoygnvyy4" path="res://assets/simple_fpsplayer/Player.tscn" id="7_fnn0g"]

[sub_resource type="CapsuleShape3D" id="CapsuleShape3D_kp5es"]
radius = 0.211539
height = 0.423079

[sub_resource type="PrismMesh" id="PrismMesh_r3782"]

[sub_resource type="CapsuleMesh" id="CapsuleMesh_hvk2r"]

[sub_resource type="NavigationMesh" id="NavigationMesh_8isoy"]
vertices = PackedVector3Array(-10.2028, -1.56632, 4.48699, -1.45282, -1.56632, 4.73699, -1.20282, -1.56632, 2.48699, -10.2028, -1.56632, 4.48699, -1.20282, -1.56632, 2.48699, 0.297175, -1.56632, 1.23699, -10.2028, -1.56632, -7.51301, -10.2028, -1.56632, -7.51301, 0.297175, -1.56632, 1.23699, 1.04718, -1.56632, 1.23699, 1.04718, -1.56632, -19.263, -10.2028, -1.56632, -19.263, 2.04718, -1.56632, 1.73699, 2.04718, -1.56632, 2.73699, 3.54718, -1.56632, 2.98699, 4.29718, -1.56632, 1.73699, 1.04718, -1.56632, 1.23699, 2.04718, -1.56632, 1.73699, 4.29718, -1.56632, 1.73699, 5.54718, -1.56632, 1.23699, 5.54718, -1.56632, -19.263, 1.04718, -1.56632, -19.263, 6.79718, -1.56632, 2.73699, 10.0472, -1.56632, 2.98699, 10.0472, -1.56632, 2.23699, 6.79718, -1.56632, 1.73699, 11.5472, -1.56632, 1.23699, 12.5472, -1.56632, 1.23699, 16.7972, -1.56632, -8.51301, 12.5472, -1.56632, 1.23699, 13.0472, -1.56632, 2.48699, 16.7972, -1.56632, 2.48699, 16.7972, -1.56632, -8.51301, 5.54718, -1.56632, 1.23699, 6.79718, -1.56632, 1.73699, 10.0472, -1.56632, 2.23699, 5.54718, -1.56632, 1.23699, 10.0472, -1.56632, 2.23699, 11.5472, -1.56632, 1.23699, 16.7972, -1.56632, -8.51301, 16.7972, -1.56632, -19.263, 5.54718, -1.56632, -19.263, 11.5472, -1.56632, 7.23699, 10.2972, -1.56632, 7.23699, 9.54718, -1.56632, 8.98699, 10.2972, -1.56632, 10.237, 16.7972, -1.56632, 2.48699, 13.0472, -1.56632, 2.48699, 12.7972, -1.56632, 3.48699, 12.0472, -1.56632, 6.73699, 12.7972, -1.56632, 3.48699, 12.0472, -1.56632, 3.48699, 12.0472, -1.56632, 6.73699, 12.0472, -1.56632, 6.73699, 11.5472, -1.56632, 7.23699, 10.2972, -1.56632, 10.237, 10.2972, -1.56632, 11.487, 16.7972, -1.56632, 11.487, 16.7972, -1.56632, 2.48699, 9.54718, -1.56632, 8.98699, 10.2972, -1.56632, 7.23699, 9.79718, -1.56632, 6.98699, 5.29718, -1.56632, 7.23699, 4.79718, -1.56632, 8.73699, 0.797175, -1.56632, 6.98699, -0.202825, -1.56632, 7.23699, -0.202825, -1.56632, 8.73699, 1.79718, -1.56632, 8.98699, 5.29718, -1.56632, 7.23699, 3.79718, -1.56632, 7.23699, 4.79718, -1.56632, 8.73699, 3.29718, -1.56632, 6.73699, 1.79718, -1.56632, 8.98699, 2.54718, -1.56632, 10.487, 4.29718, -1.56632, 10.237, 4.79718, -1.56632, 8.73699, 3.79718, -1.56632, 7.23699, 3.29718, -1.56632, 6.73699, 3.54718, -1.56632, 2.98699, 2.04718, -1.56632, 2.73699, 0.797175, -1.56632, 3.73699, 0.797175, -1.56632, 6.98699, 1.79718, -1.56632, 8.98699, 6.54718, -1.56632, 3.48699, 5.54718, -1.56632, 3.73699, 5.29718, -1.56632, 7.23699, 9.79718, -1.56632, 6.98699, 10.0472, -1.56632, 2.98699, 10.0472, -1.56632, 2.98699, 6.79718, -1.56632, 2.73699, 6.54718, -1.56632, 3.48699, -0.202825, -1.56632, 8.73699, -0.202825, -1.56632, 7.23699, -1.45282, -1.56632, 6.73699, -2.95282, -1.56632, 8.73699, -3.45282, -1.56632, 9.98699, -2.95282, -1.56632, 8.73699, -1.45282, -1.56632, 4.73699, -10.2028, -1.56632, 4.48699, -10.2028, -1.56632, 9.98699, -2.95282, -1.56632, 8.73699, -1.45282, -1.56632, 6.73699, -1.45282, -1.56632, 4.73699, 0.797175, -1.56632, 11.987, 0.297175, -1.56632, 10.987, -0.452825, -1.56632, 10.737, -2.95282, -1.56632, 10.987, 1.54718, -1.56632, 11.987, 0.797175, -1.56632, 11.987, -10.2028, -1.56632, 19.237, -10.2028, -1.56632, 28.487, 1.54718, -1.56632, 28.487, -2.95282, -1.56632, 10.987, -3.45282, -1.56632, 9.98699, -10.2028, -1.56632, 9.98699, -2.95282, -1.56632, 10.987, -10.2028, -1.56632, 9.98699, -10.2028, -1.56632, 19.237, 0.797175, -1.56632, 11.987, 4.79718, -1.56632, 10.987, 4.29718, -1.56632, 10.237, 2.54718, -1.56632, 10.487, 2.54718, -1.56632, 11.737, 9.04718, -1.56632, 28.487, 16.7972, -1.56632, 28.487, 16.7972, -1.56632, 19.987, 8.54718, -1.56632, 11.987, 8.04718, -1.56632, 10.987, 4.79718, -1.56632, 10.987, 2.54718, -1.56632, 11.737, 16.7972, -1.56632, 19.987, 10.0472, -1.56632, 11.987, 8.54718, -1.56632, 11.987, 16.7972, -1.56632, 11.487, 10.2972, -1.56632, 11.487, 10.0472, -1.56632, 11.987, 16.7972, -1.56632, 19.987, 8.54718, -1.56632, 11.987, 2.54718, -1.56632, 11.737, 1.54718, -1.56632, 11.987, 1.54718, -1.56632, 28.487, 9.04718, -1.56632, 28.487, 16.7972, -1.56632, 19.987)
polygons = [PackedInt32Array(2, 1, 0), PackedInt32Array(4, 3, 5), PackedInt32Array(5, 3, 6), PackedInt32Array(8, 7, 9), PackedInt32Array(9, 7, 11), PackedInt32Array(9, 11, 10), PackedInt32Array(13, 12, 14), PackedInt32Array(14, 12, 15), PackedInt32Array(17, 16, 18), PackedInt32Array(18, 16, 19), PackedInt32Array(19, 16, 21), PackedInt32Array(19, 21, 20), PackedInt32Array(23, 22, 24), PackedInt32Array(24, 22, 25), PackedInt32Array(28, 27, 26), PackedInt32Array(30, 29, 31), PackedInt32Array(31, 29, 32), PackedInt32Array(35, 34, 33), PackedInt32Array(37, 36, 38), PackedInt32Array(38, 36, 39), PackedInt32Array(39, 36, 40), PackedInt32Array(40, 36, 41), PackedInt32Array(43, 42, 44), PackedInt32Array(44, 42, 45), PackedInt32Array(48, 47, 49), PackedInt32Array(49, 47, 46), PackedInt32Array(52, 51, 50), PackedInt32Array(54, 53, 55), PackedInt32Array(55, 53, 56), PackedInt32Array(56, 53, 57), PackedInt32Array(57, 53, 58), PackedInt32Array(60, 59, 61), PackedInt32Array(61, 59, 62), PackedInt32Array(62, 59, 63), PackedInt32Array(65, 64, 66), PackedInt32Array(66, 64, 67), PackedInt32Array(70, 69, 68), PackedInt32Array(76, 75, 71), PackedInt32Array(71, 75, 74), PackedInt32Array(71, 74, 72), PackedInt32Array(72, 74, 73), PackedInt32Array(79, 78, 80), PackedInt32Array(80, 78, 77), PackedInt32Array(80, 77, 81), PackedInt32Array(81, 77, 82), PackedInt32Array(84, 83, 85), PackedInt32Array(85, 83, 86), PackedInt32Array(86, 83, 87), PackedInt32Array(90, 89, 88), PackedInt32Array(92, 91, 93), PackedInt32Array(93, 91, 94), PackedInt32Array(96, 95, 97), PackedInt32Array(97, 95, 99), PackedInt32Array(97, 99, 98), PackedInt32Array(102, 101, 100), PackedInt32Array(104, 103, 105), PackedInt32Array(105, 103, 106), PackedInt32Array(108, 107, 109), PackedInt32Array(109, 107, 110), PackedInt32Array(110, 107, 111), PackedInt32Array(113, 112, 114), PackedInt32Array(115, 118, 116), PackedInt32Array(116, 118, 117), PackedInt32Array(120, 119, 121), PackedInt32Array(121, 119, 122), PackedInt32Array(125, 124, 123), PackedInt32Array(127, 126, 128), PackedInt32Array(128, 126, 129), PackedInt32Array(132, 131, 130), PackedInt32Array(134, 133, 135), PackedInt32Array(135, 133, 136), PackedInt32Array(138, 137, 139), PackedInt32Array(139, 137, 142), PackedInt32Array(139, 142, 141), PackedInt32Array(139, 141, 140)]

[sub_resource type="BoxMesh" id="BoxMesh_b4sbn"]

[sub_resource type="Curve3D" id="Curve3D_23hfo"]
bake_interval = 15.01
_data = {
"points": PackedVector3Array(0, 0, 0, 0, 0, 0, 0.620493, 1.6294, 34.715, 0, 0, 0, 0, 0, 0, 1.34959, 2.04966, 22.6164),
"tilts": PackedFloat32Array(0, 0)
}
point_count = 2
up_vector_enabled = false

[sub_resource type="Curve3D" id="Curve3D_olgqg"]
bake_interval = 83.48
_data = {
"points": PackedVector3Array(0, 0, 0, 0, 0, 0, 10.6475, 0.945068, 19.6898, 0, 0, 0, 0, 0, 0, 10.6475, 1.25195, 4.82016, 0, 0, 0, 0, 0, 0, 9.11453, 1.09851, -17.4077, 0, 0, 0, 0, 0, 0, -10.6606, 1.29028, -18.4808, 0, 0, 0, 0, 0, 0, -10.354, 1.44373, 9.87892, 0, 0, 0, 0, 0, 0, -8.05457, 1.4054, 20.4563, 0, 0, 0, 0, 0, 0, 10.6475, 0.945068, 19.6898),
"tilts": PackedFloat32Array(0, 0, 0, 0, 0, 0, 0)
}
point_count = 7

[sub_resource type="CapsuleShape3D" id="CapsuleShape3D_1vvxh"]

[sub_resource type="CapsuleMesh" id="CapsuleMesh_1t5lh"]

[sub_resource type="CapsuleShape3D" id="CapsuleShape3D_txeeo"]
radius = 0.05
height = 0.5

[sub_resource type="CapsuleShape3D" id="CapsuleShape3D_gvpeb"]
radius = 0.05
height = 0.5

[sub_resource type="CapsuleShape3D" id="CapsuleShape3D_theqw"]
radius = 0.05
height = 0.5

[sub_resource type="CapsuleShape3D" id="CapsuleShape3D_nrgn1"]
radius = 0.05
height = 0.5

[sub_resource type="CapsuleShape3D" id="CapsuleShape3D_wvejr"]
radius = 0.05
height = 0.5

[sub_resource type="CapsuleShape3D" id="CapsuleShape3D_ht7lk"]
radius = 0.05
height = 0.5

[sub_resource type="CapsuleShape3D" id="CapsuleShape3D_8fenl"]
radius = 0.05
height = 0.5

[sub_resource type="CapsuleShape3D" id="CapsuleShape3D_wqlh6"]
radius = 0.05
height = 0.5

[sub_resource type="CapsuleShape3D" id="CapsuleShape3D_6wvig"]
radius = 0.05
height = 0.5

[sub_resource type="CapsuleShape3D" id="CapsuleShape3D_r3psm"]
radius = 0.05
height = 0.5

[sub_resource type="CapsuleShape3D" id="CapsuleShape3D_2l7ce"]
radius = 0.05
height = 0.5

[sub_resource type="CapsuleShape3D" id="CapsuleShape3D_1rv8h"]
radius = 0.05
height = 0.5

[sub_resource type="CapsuleShape3D" id="CapsuleShape3D_8w6tq"]
radius = 0.05
height = 0.5

[sub_resource type="CapsuleShape3D" id="CapsuleShape3D_7651a"]
radius = 0.05
height = 0.5

[sub_resource type="CapsuleShape3D" id="CapsuleShape3D_byed0"]
radius = 0.05
height = 0.5

[sub_resource type="CapsuleShape3D" id="CapsuleShape3D_r42ni"]
radius = 0.05
height = 0.5

[sub_resource type="CapsuleShape3D" id="CapsuleShape3D_e2pnn"]
radius = 0.05
height = 0.5

[node name="Node3D" type="Node3D"]
script = ExtResource("1_ogsgm")

[node name="steve" type="CharacterBody3D" parent="." groups=["enemies"]]
transform = Transform3D(1, 0, 0, 0, 1, 0, 0, 0, 1, 0, 8.77829, 0)
visible = false
script = ExtResource("1_nijpb")

[node name="CollisionShape3D" type="CollisionShape3D" parent="steve"]
shape = SubResource("CapsuleShape3D_kp5es")

[node name="RayCast3D" type="RayCast3D" parent="steve"]
transform = Transform3D(1, 0, 0, 0, 1, 0, 0, 0, 1, 0, 0, 1.18498)
target_position = Vector3(0, -5, 0)
collide_with_areas = true
debug_shape_custom_color = Color(0.870588, 0, 0, 1)
script = ExtResource("2_xn5qt")

[node name="MeshInstance3D" type="MeshInstance3D" parent="steve/RayCast3D"]
transform = Transform3D(0.377196, 0, -7.45058e-09, 0, 1.5623, 0, -5.96046e-08, 0, 0.182613, 0, 0, 0)
mesh = SubResource("PrismMesh_r3782")

[node name="MeshInstance3D" type="MeshInstance3D" parent="steve"]
mesh = SubResource("CapsuleMesh_hvk2r")

[node name="NavigationAgent3D" type="NavigationAgent3D" parent="steve"]

[node name="NavigationRegion3D" type="NavigationRegion3D" parent="."]
transform = Transform3D(1, 0, 0, 0, 1, 0, 0, 0, 1, -3.31927, 2.56632, -4.618)
navigation_mesh = SubResource("NavigationMesh_8isoy")

[node name="CSGMesh3D" type="CSGMesh3D" parent="NavigationRegion3D"]
transform = Transform3D(28.0442, 0, 0, 0, 1, 0, 0, 0, 48.762, 3.31927, -2.56632, 4.618)
use_collision = true
mesh = SubResource("BoxMesh_b4sbn")

[node name="CSGCylinder3D" type="CSGCylinder3D" parent="NavigationRegion3D"]
transform = Transform3D(1, 0, 0, 0, 1, 0, 0, 0, 1, 0.0155461, -1.26215, 2.91031)

[node name="CSGCylinder3D2" type="CSGCylinder3D" parent="NavigationRegion3D"]
transform = Transform3D(1, 0, 0, 0, 1, 0, 0, 0, 1, 0.916889, -1.26215, 2.4362)

[node name="CSGCylinder3D3" type="CSGCylinder3D" parent="NavigationRegion3D"]
transform = Transform3D(1, 0, 0, 0, 1, 0, 0, 0, 1, -0.282617, -1.26215, 3.98724)

[node name="CSGCylinder3D4" type="CSGCylinder3D" parent="NavigationRegion3D"]
transform = Transform3D(1, 0, 0, 0, 1, 0, 0, 0, 1, -0.282617, -1.26215, 5.01555)

[node name="CSGCylinder3D5" type="CSGCylinder3D" parent="NavigationRegion3D"]
transform = Transform3D(1, 0, 0, 0, 1, 0, 0, 0, 1, -0.282617, -1.26215, 6.21096)

[node name="CSGCylinder3D6" type="CSGCylinder3D" parent="NavigationRegion3D"]
transform = Transform3D(1, 0, 0, 0, 1, 0, 0, 0, 1, 4.77135, -1.26215, 2.91031)

[node name="CSGCylinder3D7" type="CSGCylinder3D" parent="NavigationRegion3D"]
transform = Transform3D(1, 0, 0, 0, 1, 0, 0, 0, 1, 5.67269, -1.26215, 2.4362)

[node name="CSGCylinder3D10" type="CSGCylinder3D" parent="NavigationRegion3D"]
transform = Transform3D(1, 0, 0, 0, 1, 0, 0, 0, 1, 4.47318, -1.26215, 6.21096)

[node name="CSGCylinder3D11" type="CSGCylinder3D" parent="NavigationRegion3D"]
transform = Transform3D(1, 0, 0, 0, 1, 0, 0, 0, 1, 11.1209, -1.26215, 2.91031)

[node name="CSGCylinder3D12" type="CSGCylinder3D" parent="NavigationRegion3D"]
transform = Transform3D(1, 0, 0, 0, 1, 0, 0, 0, 1, 12.0222, -1.26215, 2.4362)

[node name="CSGCylinder3D13" type="CSGCylinder3D" parent="NavigationRegion3D"]
transform = Transform3D(1, 0, 0, 0, 1, 0, 0, 0, 1, 10.8227, -1.26215, 3.98724)

[node name="CSGCylinder3D14" type="CSGCylinder3D" parent="NavigationRegion3D"]
transform = Transform3D(1, 0, 0, 0, 1, 0, 0, 0, 1, 10.8227, -1.26215, 5.01555)

[node name="CSGCylinder3D15" type="CSGCylinder3D" parent="NavigationRegion3D"]
transform = Transform3D(1, 0, 0, 0, 1, 0, 0, 0, 1, 10.8227, -1.26215, 6.21096)

[node name="CSGCylinder3D16" type="CSGCylinder3D" parent="NavigationRegion3D"]
transform = Transform3D(0.0439856, 0, -0.999032, 0, 1, 0, 0.999032, 0, 0.0439856, 8.71934, -1.26215, 10.0037)

[node name="CSGCylinder3D17" type="CSGCylinder3D" parent="NavigationRegion3D"]
transform = Transform3D(0.0439856, 0, -0.999032, 0, 1, 0, 0.999032, 0, 0.0439856, 9.23264, -1.26215, 10.8834)

[node name="CSGCylinder3D18" type="CSGCylinder3D" parent="NavigationRegion3D"]
transform = Transform3D(0.0439856, 0, -0.999032, 0, 1, 0, 0.999032, 0, 0.0439856, 7.63033, -1.26215, 9.75324)

[node name="CSGCylinder3D19" type="CSGCylinder3D" parent="NavigationRegion3D"]
transform = Transform3D(0.0439856, 0, -0.999032, 0, 1, 0, 0.999032, 0, 0.0439856, 6.60302, -1.26215, 9.79847)

[node name="CSGCylinder3D20" type="CSGCylinder3D" parent="NavigationRegion3D"]
transform = Transform3D(0.0439856, 0, -0.999032, 0, 1, 0, 0.999032, 0, 0.0439856, 5.40876, -1.26215, 9.85105)

[node name="CSGCylinder3D21" type="CSGCylinder3D" parent="NavigationRegion3D"]
transform = Transform3D(0.0439856, 0, -0.999032, 0, 1, 0, 0.999032, 0, 0.0439856, 0.966028, -1.26215, 10.0037)

[node name="CSGCylinder3D22" type="CSGCylinder3D" parent="NavigationRegion3D"]
transform = Transform3D(0.0439856, 0, -0.999032, 0, 1, 0, 0.999032, 0, 0.0439856, 1.47933, -1.26215, 10.8834)

[node name="CSGCylinder3D23" type="CSGCylinder3D" parent="NavigationRegion3D"]
transform = Transform3D(0.0439856, 0, -0.999032, 0, 1, 0, 0.999032, 0, 0.0439856, -0.122982, -1.26215, 9.75324)

[node name="CSGCylinder3D24" type="CSGCylinder3D" parent="NavigationRegion3D"]
transform = Transform3D(0.0439856, 0, -0.999032, 0, 1, 0, 0.999032, 0, 0.0439856, -1.15029, -1.26215, 9.79847)

[node name="CSGCylinder3D25" type="CSGCylinder3D" parent="NavigationRegion3D"]
transform = Transform3D(0.0439856, 0, -0.999032, 0, 1, 0, 0.999032, 0, 0.0439856, -2.34455, -1.26215, 9.85105)

[node name="CSGCylinder3D26" type="CSGCylinder3D" parent="NavigationRegion3D"]
transform = Transform3D(0.0439856, 0, -0.999032, 0, 1, 0, 0.999032, 0, 0.0439856, 0.966028, -1.26215, 10.0037)

[node name="CSGCylinder3D27" type="CSGCylinder3D" parent="NavigationRegion3D"]
transform = Transform3D(0.0439856, 0, -0.999032, 0, 1, 0, 0.999032, 0, 0.0439856, 1.47933, -1.26215, 10.8834)

[node name="CSGCylinder3D28" type="CSGCylinder3D" parent="NavigationRegion3D"]
transform = Transform3D(0.0439856, 0, -0.999032, 0, 1, 0, 0.999032, 0, 0.0439856, -0.122982, -1.26215, 9.75324)

[node name="CSGCylinder3D29" type="CSGCylinder3D" parent="NavigationRegion3D"]
transform = Transform3D(0.0439856, 0, -0.999032, 0, 1, 0, 0.999032, 0, 0.0439856, -1.15029, -1.26215, 9.79847)

[node name="CSGCylinder3D30" type="CSGCylinder3D" parent="NavigationRegion3D"]
transform = Transform3D(0.0439856, 0, -0.999032, 0, 1, 0, 0.999032, 0, 0.0439856, -2.34455, -1.26215, 9.85105)

[node name="DirectionalLight3D" type="DirectionalLight3D" parent="NavigationRegion3D"]
transform = Transform3D(1, 0, 0, 0, -0.437477, 0.89923, 0, -0.89923, -0.437477, 0, 6.29463, 0)

[node name="Path3D" type="Path3D" parent="."]
visible = false
curve = SubResource("Curve3D_23hfo")

[node name="PathFollow3D" type="PathFollow3D" parent="Path3D"]
transform = Transform3D(-0.998186, -0.00208447, 0.0601174, 1.16415e-10, 0.999397, 0.0346524, -0.0601536, 0.0345897, -0.997586, 0.620493, 1.6294, 34.715)
loop = false

[node name="MeshInstance3D" type="MeshInstance3D" parent="Path3D/PathFollow3D"]
transform = Transform3D(-0.0432926, 0.0981105, -0.385357, 0.397393, 0.0246074, -0.0383799, 0.0142929, -0.387, -0.100134, 0, 0, 0)
mesh = ExtResource("4_aasdj")

[node name="PathFollow3D2" type="PathFollow3D" parent="Path3D"]
transform = Transform3D(-0.998188, -0.00208448, 0.0601176, 1.16415e-10, 0.999399, 0.0346525, -0.0601537, 0.0345898, -0.997589, 0.620493, 1.6294, 34.715)
loop = false

[node name="MeshInstance3D" type="MeshInstance3D" parent="Path3D/PathFollow3D2"]
transform = Transform3D(-0.0432926, 0.0981105, -0.385357, 0.397393, 0.0246074, -0.0383799, 0.0142929, -0.387, -0.100134, 0, 0, 0)
mesh = ExtResource("4_aasdj")

[node name="PathFollow3D3" type="PathFollow3D" parent="Path3D"]
transform = Transform3D(-0.998189, -0.00208448, 0.0601175, 1.16415e-10, 0.999399, 0.0346524, -0.0601537, 0.0345898, -0.997587, 0.620493, 1.6294, 34.715)
loop = false

[node name="MeshInstance3D" type="MeshInstance3D" parent="Path3D/PathFollow3D3"]
transform = Transform3D(-0.0432926, 0.0981105, -0.385357, 0.397393, 0.0246074, -0.0383799, 0.0142929, -0.387, -0.100134, 0, 0, 0)
mesh = ExtResource("4_aasdj")

[node name="PathFollow3D4" type="PathFollow3D" parent="Path3D"]
transform = Transform3D(-0.998189, -0.00208448, 0.0601175, 1.16415e-10, 0.999399, 0.0346524, -0.0601537, 0.0345898, -0.997587, 0.620493, 1.6294, 34.715)
loop = false

[node name="MeshInstance3D" type="MeshInstance3D" parent="Path3D/PathFollow3D4"]
transform = Transform3D(-0.0432926, 0.0981105, -0.385357, 0.397393, 0.0246074, -0.0383799, 0.0142929, -0.387, -0.100134, 0, 0, 0)
mesh = ExtResource("4_aasdj")

[node name="PathFollow3D5" type="PathFollow3D" parent="Path3D"]
transform = Transform3D(-0.998188, -0.00208447, 0.0601174, 1.16415e-10, 0.999397, 0.0346524, -0.0601537, 0.0345897, -0.997586, 0.620493, 1.6294, 34.715)
loop = false

[node name="MeshInstance3D" type="MeshInstance3D" parent="Path3D/PathFollow3D5"]
transform = Transform3D(-0.0432926, 0.0981105, -0.385357, 0.397393, 0.0246074, -0.0383799, 0.0142929, -0.387, -0.100134, 0, 0, 0)
mesh = ExtResource("4_aasdj")

[node name="PathFollow3D6" type="PathFollow3D" parent="Path3D"]
transform = Transform3D(-0.998188, -0.00208447, 0.0601174, 1.16415e-10, 0.999397, 0.0346524, -0.0601537, 0.0345897, -0.997586, 0.620493, 1.6294, 34.715)
loop = false

[node name="MeshInstance3D" type="MeshInstance3D" parent="Path3D/PathFollow3D6"]
transform = Transform3D(-0.0432926, 0.0981105, -0.385357, 0.397393, 0.0246074, -0.0383799, 0.0142929, -0.387, -0.100134, 0, 0, 0)
mesh = ExtResource("4_aasdj")

[node name="PathFollow3D7" type="PathFollow3D" parent="Path3D"]
transform = Transform3D(-0.998188, -0.00208447, 0.0601174, 1.16415e-10, 0.999397, 0.0346524, -0.0601537, 0.0345897, -0.997586, 0.620493, 1.6294, 34.715)
loop = false

[node name="MeshInstance3D" type="MeshInstance3D" parent="Path3D/PathFollow3D7"]
transform = Transform3D(-0.0432926, 0.0981105, -0.385357, 0.397393, 0.0246074, -0.0383799, 0.0142929, -0.387, -0.100134, 0, 0, 0)
mesh = ExtResource("4_aasdj")

[node name="PathFollow3D8" type="PathFollow3D" parent="Path3D"]
transform = Transform3D(-0.998188, -0.00208447, 0.0601174, 1.16415e-10, 0.999397, 0.0346524, -0.0601537, 0.0345897, -0.997586, 0.620493, 1.6294, 34.715)
loop = false

[node name="MeshInstance3D" type="MeshInstance3D" parent="Path3D/PathFollow3D8"]
transform = Transform3D(-0.0432926, 0.0981105, -0.385357, 0.397393, 0.0246074, -0.0383799, 0.0142929, -0.387, -0.100134, 0, 0, 0)
mesh = ExtResource("4_aasdj")

[node name="PathFollow3D9" type="PathFollow3D" parent="Path3D"]
transform = Transform3D(-0.998188, -0.00208447, 0.0601174, 1.16415e-10, 0.999397, 0.0346524, -0.0601537, 0.0345897, -0.997586, 0.620493, 1.6294, 34.715)
loop = false

[node name="MeshInstance3D" type="MeshInstance3D" parent="Path3D/PathFollow3D9"]
transform = Transform3D(-0.0432926, 0.0981105, -0.385357, 0.397393, 0.0246074, -0.0383799, 0.0142929, -0.387, -0.100134, 0, 0, 0)
mesh = ExtResource("4_aasdj")

[node name="PathFollow3D10" type="PathFollow3D" parent="Path3D"]
transform = Transform3D(-0.998188, -0.00208447, 0.0601174, 1.16415e-10, 0.999397, 0.0346524, -0.0601537, 0.0345897, -0.997586, 0.620493, 1.6294, 34.715)
loop = false

[node name="MeshInstance3D" type="MeshInstance3D" parent="Path3D/PathFollow3D10"]
transform = Transform3D(-0.0432926, 0.0981105, -0.385357, 0.397393, 0.0246074, -0.0383799, 0.0142929, -0.387, -0.100134, 0, 0, 0)
mesh = ExtResource("4_aasdj")

[node name="PathFollow3D11" type="PathFollow3D" parent="Path3D"]
transform = Transform3D(-0.998188, -0.00208447, 0.0601174, 1.16415e-10, 0.999397, 0.0346524, -0.0601537, 0.0345897, -0.997586, 0.620493, 1.6294, 34.715)
loop = false

[node name="MeshInstance3D" type="MeshInstance3D" parent="Path3D/PathFollow3D11"]
transform = Transform3D(-0.0432926, 0.0981105, -0.385357, 0.397393, 0.0246074, -0.0383799, 0.0142929, -0.387, -0.100134, 0, 0, 0)
mesh = ExtResource("4_aasdj")

[node name="PathFollow3D12" type="PathFollow3D" parent="Path3D"]
transform = Transform3D(-0.998188, -0.00208447, 0.0601174, 1.16415e-10, 0.999397, 0.0346524, -0.0601537, 0.0345897, -0.997586, 0.620493, 1.6294, 34.715)
loop = false

[node name="MeshInstance3D" type="MeshInstance3D" parent="Path3D/PathFollow3D12"]
transform = Transform3D(-0.0432926, 0.0981105, -0.385357, 0.397393, 0.0246074, -0.0383799, 0.0142929, -0.387, -0.100134, 0, 0, 0)
mesh = ExtResource("4_aasdj")

[node name="PathFollow3D13" type="PathFollow3D" parent="Path3D"]
transform = Transform3D(-0.998188, -0.00208447, 0.0601174, 1.16415e-10, 0.999397, 0.0346524, -0.0601537, 0.0345897, -0.997586, 0.620493, 1.6294, 34.715)
loop = false

[node name="MeshInstance3D" type="MeshInstance3D" parent="Path3D/PathFollow3D13"]
transform = Transform3D(-0.0432926, 0.0981105, -0.385357, 0.397393, 0.0246074, -0.0383799, 0.0142929, -0.387, -0.100134, 0, 0, 0)
mesh = ExtResource("4_aasdj")

[node name="PathFollow3D14" type="PathFollow3D" parent="Path3D"]
transform = Transform3D(-0.998188, -0.00208447, 0.0601174, 1.16415e-10, 0.999396, 0.0346524, -0.0601537, 0.0345896, -0.997586, 0.620493, 1.6294, 34.715)
loop = false

[node name="MeshInstance3D" type="MeshInstance3D" parent="Path3D/PathFollow3D14"]
transform = Transform3D(-0.0432926, 0.0981105, -0.385357, 0.397393, 0.0246074, -0.0383799, 0.0142929, -0.387, -0.100134, 0, 0, 0)
mesh = ExtResource("4_aasdj")

[node name="PathFollow3D15" type="PathFollow3D" parent="Path3D"]
transform = Transform3D(-0.998188, -0.00208447, 0.0601174, 1.16415e-10, 0.999396, 0.0346524, -0.0601537, 0.0345896, -0.997586, 0.620493, 1.6294, 34.715)
loop = false

[node name="MeshInstance3D" type="MeshInstance3D" parent="Path3D/PathFollow3D15"]
transform = Transform3D(-0.0432926, 0.0981105, -0.385357, 0.397393, 0.0246074, -0.0383799, 0.0142929, -0.387, -0.100134, 0, 0, 0)
mesh = ExtResource("4_aasdj")

[node name="PathFollow3D16" type="PathFollow3D" parent="Path3D"]
transform = Transform3D(-0.998188, -0.00208447, 0.0601174, 1.16415e-10, 0.999396, 0.0346524, -0.0601537, 0.0345896, -0.997586, 0.620493, 1.6294, 34.715)
loop = false

[node name="MeshInstance3D" type="MeshInstance3D" parent="Path3D/PathFollow3D16"]
transform = Transform3D(-0.0432926, 0.0981105, -0.385357, 0.397393, 0.0246074, -0.0383799, 0.0142929, -0.387, -0.100134, 0, 0, 0)
mesh = ExtResource("4_aasdj")

[node name="PathFollow3D17" type="PathFollow3D" parent="Path3D"]
transform = Transform3D(-0.998188, -0.00208447, 0.0601174, 1.16415e-10, 0.999396, 0.0346524, -0.0601537, 0.0345896, -0.997586, 0.620493, 1.6294, 34.715)
loop = false

[node name="MeshInstance3D" type="MeshInstance3D" parent="Path3D/PathFollow3D17"]
transform = Transform3D(-0.0432926, 0.0981105, -0.385357, 0.397393, 0.0246074, -0.0383799, 0.0142929, -0.387, -0.100134, 0, 0, 0)
mesh = ExtResource("4_aasdj")

[node name="PathFollow3D18" type="PathFollow3D" parent="Path3D"]
transform = Transform3D(-0.998188, -0.00208447, 0.0601174, 1.16415e-10, 0.999396, 0.0346524, -0.0601537, 0.0345896, -0.997586, 0.620493, 1.6294, 34.715)
loop = false

[node name="MeshInstance3D" type="MeshInstance3D" parent="Path3D/PathFollow3D18"]
transform = Transform3D(-0.0432926, 0.0981105, -0.385357, 0.397393, 0.0246074, -0.0383799, 0.0142929, -0.387, -0.100134, 0, 0, 0)
mesh = ExtResource("4_aasdj")

[node name="Path3D2" type="Path3D" parent="."]
curve = SubResource("Curve3D_olgqg")

[node name="PathFollow3D" type="PathFollow3D" parent="Path3D2"]
transform = Transform3D(-1, 1.80386e-09, -8.74042e-08, 0, 0.999787, 0.0206338, 8.74228e-08, 0.0206338, -0.999787, 10.6475, 0.945068, 19.6898)

[node name="player" type="CharacterBody3D" parent="Path3D2/PathFollow3D"]

[node name="CollisionShape3D" type="CollisionShape3D" parent="Path3D2/PathFollow3D/player"]
shape = SubResource("CapsuleShape3D_1vvxh")

[node name="MeshInstance3D" type="MeshInstance3D" parent="Path3D2/PathFollow3D/player"]
mesh = SubResource("CapsuleMesh_1t5lh")

[node name="steve2" parent="." instance=ExtResource("5_3hlfy")]

[node name="Physical Bone head" type="PhysicalBone3D" parent="steve2/Armature/Skeleton3D" index="1"]
transform = Transform3D(0, 0, 1, 1, -4.37114e-08, 0, 4.37114e-08, 1, 0, -0.25, 0, 0)
joint_offset = Transform3D(1, 0, 0, 0, 1, 0, 0, 0, 1, 0, 0, 0.25)
body_offset = Transform3D(1, 0, 0, 0, 0, -1, 0, 1, 0, 0, 0.25, 0)
bone_name = "head"

[node name="CollisionShape3D" type="CollisionShape3D" parent="steve2/Armature/Skeleton3D/Physical Bone head"]
transform = Transform3D(1, 0, 0, 0, 0, 1, 0, -1, 0, 0, 0, 0)
shape = SubResource("CapsuleShape3D_txeeo")

[node name="Physical Bone Bone001" type="PhysicalBone3D" parent="steve2/Armature/Skeleton3D" index="2"]
transform = Transform3D(0, 0, 1, 1, -4.37114e-08, 0, 4.37114e-08, 1, 0, -1, 0, 0)
joint_type = 1
joint_offset = Transform3D(1, 0, 0, 0, 1, 0, 0, 0, 1, 0, 0, 0.5)
body_offset = Transform3D(1, 0, 0, 0, 0, -1, 0, 1, 0, 0, 0.5, 0)
bone_name = "Bone.001"
joint_constraints/bias = 0.3
joint_constraints/damping = 1.0
joint_constraints/impulse_clamp = 0.0

[node name="CollisionShape3D" type="CollisionShape3D" parent="steve2/Armature/Skeleton3D/Physical Bone Bone001"]
transform = Transform3D(1, 0, 0, 0, 0, 1, 0, -1, 0, 0, 0, 0)
shape = SubResource("CapsuleShape3D_gvpeb")

[node name="Physical Bone Bone002" type="PhysicalBone3D" parent="steve2/Armature/Skeleton3D" index="3"]
transform = Transform3D(0, 0, 1, 1, -4.37114e-08, 0, 4.37114e-08, 1, 0, -1.25, 0, 0)
joint_type = 1
joint_offset = Transform3D(1, 0, 0, 0, 1, 0, 0, 0, 1, 0, 0, 0.25)
body_offset = Transform3D(1, 0, 0, 0, 0, -1, 0, 1, 0, 0, 0.25, 0)
bone_name = "Bone.002"
joint_constraints/bias = 0.3
joint_constraints/damping = 1.0
joint_constraints/impulse_clamp = 0.0

[node name="CollisionShape3D" type="CollisionShape3D" parent="steve2/Armature/Skeleton3D/Physical Bone Bone002"]
transform = Transform3D(1, 0, 0, 0, 0, 1, 0, -1, 0, 0, 0, 0)
shape = SubResource("CapsuleShape3D_theqw")

[node name="Physical Bone Bone003" type="PhysicalBone3D" parent="steve2/Armature/Skeleton3D" index="4"]
transform = Transform3D(0, 0, 1, 1, -2.8213e-07, 0, 2.8213e-07, 1, 0, -1.75, 0, 0)
joint_type = 1
joint_offset = Transform3D(1, 0, 0, 0, 1, 0, 0, 0, 1, 0, 0, 0.25)
body_offset = Transform3D(1, 0, 0, 0, 0, -1, 0, 1, 0, 0, 0.25, 0)
bone_name = "Bone.003"
joint_constraints/bias = 0.3
joint_constraints/damping = 1.0
joint_constraints/impulse_clamp = 0.0

[node name="CollisionShape3D" type="CollisionShape3D" parent="steve2/Armature/Skeleton3D/Physical Bone Bone003"]
transform = Transform3D(1, 0, 0, 0, 0, 1, 0, -1, 0, 0, 0, 0)
shape = SubResource("CapsuleShape3D_nrgn1")

[node name="Physical Bone Bone004" type="PhysicalBone3D" parent="steve2/Armature/Skeleton3D" index="5"]
transform = Transform3D(0, 0, 1, 1, -2.8213e-07, 0, 2.8213e-07, 1, 0, -2.25, 0, 0)
joint_type = 1
joint_offset = Transform3D(1, 0, 0, 0, 1, 0, 0, 0, 1, 0, 0, 0.25)
body_offset = Transform3D(1, 0, 0, 0, 0, -1, 0, 1, 0, 0, 0.25, 0)
bone_name = "Bone.004"
joint_constraints/bias = 0.3
joint_constraints/damping = 1.0
joint_constraints/impulse_clamp = 0.0

[node name="CollisionShape3D" type="CollisionShape3D" parent="steve2/Armature/Skeleton3D/Physical Bone Bone004"]
transform = Transform3D(1, 0, 0, 0, 0, 1, 0, -1, 0, 0, 0, 0)
shape = SubResource("CapsuleShape3D_wvejr")

[node name="Physical Bone Bone005" type="PhysicalBone3D" parent="steve2/Armature/Skeleton3D" index="6"]
transform = Transform3D(0, 0, 1, 1, -2.8213e-07, 0, 2.8213e-07, 1, 0, -2.75, 0, 0)
joint_type = 1
joint_offset = Transform3D(1, 0, 0, 0, 1, 0, 0, 0, 1, 0, 0, 0.25)
body_offset = Transform3D(1, 0, 0, 0, 0, -1, 0, 1, 0, 0, 0.25, 0)
bone_name = "Bone.005"
joint_constraints/bias = 0.3
joint_constraints/damping = 1.0
joint_constraints/impulse_clamp = 0.0

[node name="CollisionShape3D" type="CollisionShape3D" parent="steve2/Armature/Skeleton3D/Physical Bone Bone005"]
transform = Transform3D(1, 0, 0, 0, 0, 1, 0, -1, 0, 0, 0, 0)
shape = SubResource("CapsuleShape3D_ht7lk")

[node name="Physical Bone Bone006" type="PhysicalBone3D" parent="steve2/Armature/Skeleton3D" index="7"]
transform = Transform3D(0, 0, 1, 1, -2.8213e-07, 0, 2.8213e-07, 1, 0, -3.25, 0, 0)
joint_type = 1
joint_offset = Transform3D(1, 0, 0, 0, 1, 0, 0, 0, 1, 0, 0, 0.25)
body_offset = Transform3D(1, 0, 0, 0, 0, -1, 0, 1, 0, 0, 0.25, 0)
bone_name = "Bone.006"
joint_constraints/bias = 0.3
joint_constraints/damping = 1.0
joint_constraints/impulse_clamp = 0.0

[node name="CollisionShape3D" type="CollisionShape3D" parent="steve2/Armature/Skeleton3D/Physical Bone Bone006"]
transform = Transform3D(1, 0, 0, 0, 0, 1, 0, -1, 0, 0, 0, 0)
shape = SubResource("CapsuleShape3D_8fenl")

[node name="Physical Bone Bone007" type="PhysicalBone3D" parent="steve2/Armature/Skeleton3D" index="8"]
transform = Transform3D(0, 0, 1, 1, -2.8213e-07, 0, 2.8213e-07, 1, 0, -3.75, 0, 0)
joint_type = 1
joint_offset = Transform3D(1, 0, 0, 0, 1, 0, 0, 0, 1, 0, 0, 0.25)
body_offset = Transform3D(1, 0, 0, 0, 0, -1, 0, 1, 0, 0, 0.25, 0)
bone_name = "Bone.007"
joint_constraints/bias = 0.3
joint_constraints/damping = 1.0
joint_constraints/impulse_clamp = 0.0

[node name="CollisionShape3D" type="CollisionShape3D" parent="steve2/Armature/Skeleton3D/Physical Bone Bone007"]
transform = Transform3D(1, 0, 0, 0, 0, 1, 0, -1, 0, 0, 0, 0)
shape = SubResource("CapsuleShape3D_wqlh6")

[node name="Physical Bone Bone008" type="PhysicalBone3D" parent="steve2/Armature/Skeleton3D" index="9"]
transform = Transform3D(0, 0, 1, 1, -2.8213e-07, 0, 2.8213e-07, 1, 0, -4.25, 0, 0)
joint_type = 1
joint_offset = Transform3D(1, 0, 0, 0, 1, 0, 0, 0, 1, 0, 0, 0.25)
body_offset = Transform3D(1, 0, 0, 0, 0, -1, 0, 1, 0, 0, 0.25, 0)
bone_name = "Bone.008"
joint_constraints/bias = 0.3
joint_constraints/damping = 1.0
joint_constraints/impulse_clamp = 0.0

[node name="CollisionShape3D" type="CollisionShape3D" parent="steve2/Armature/Skeleton3D/Physical Bone Bone008"]
transform = Transform3D(1, 0, 0, 0, 0, 1, 0, -1, 0, 0, 0, 0)
shape = SubResource("CapsuleShape3D_6wvig")

[node name="Physical Bone Bone009" type="PhysicalBone3D" parent="steve2/Armature/Skeleton3D" index="10"]
transform = Transform3D(0, 0, 1, 1, -2.8213e-07, 0, 2.8213e-07, 1, 0, -4.75, 0, 0)
joint_type = 1
joint_offset = Transform3D(1, 0, 0, 0, 1, 0, 0, 0, 1, 0, 0, 0.25)
body_offset = Transform3D(1, 0, 0, 0, 0, -1, 0, 1, 0, 0, 0.25, 0)
bone_name = "Bone.009"
joint_constraints/bias = 0.3
joint_constraints/damping = 1.0
joint_constraints/impulse_clamp = 0.0

[node name="CollisionShape3D" type="CollisionShape3D" parent="steve2/Armature/Skeleton3D/Physical Bone Bone009"]
transform = Transform3D(1, 0, 0, 0, 0, 1, 0, -1, 0, 0, 0, 0)
shape = SubResource("CapsuleShape3D_r3psm")

[node name="Physical Bone Bone010" type="PhysicalBone3D" parent="steve2/Armature/Skeleton3D" index="11"]
transform = Transform3D(0, 0, 1, 1, -2.8213e-07, 0, 2.8213e-07, 1, 0, -5.25, 0, 0)
joint_type = 1
joint_offset = Transform3D(1, 0, 0, 0, 1, 0, 0, 0, 1, 0, 0, 0.25)
body_offset = Transform3D(1, 0, 0, 0, 0, -1, 0, 1, 0, 0, 0.25, 0)
bone_name = "Bone.010"
joint_constraints/bias = 0.3
joint_constraints/damping = 1.0
joint_constraints/impulse_clamp = 0.0

[node name="CollisionShape3D" type="CollisionShape3D" parent="steve2/Armature/Skeleton3D/Physical Bone Bone010"]
transform = Transform3D(1, 0, 0, 0, 0, 1, 0, -1, 0, 0, 0, 0)
shape = SubResource("CapsuleShape3D_2l7ce")

[node name="Physical Bone Bone011" type="PhysicalBone3D" parent="steve2/Armature/Skeleton3D" index="12"]
transform = Transform3D(0, 0, 1, 1, -2.8213e-07, 0, 2.8213e-07, 1, 0, -5.75, 0, 0)
joint_type = 1
joint_offset = Transform3D(1, 0, 0, 0, 1, 0, 0, 0, 1, 0, 0, 0.25)
body_offset = Transform3D(1, 0, 0, 0, 0, -1, 0, 1, 0, 0, 0.25, 0)
bone_name = "Bone.011"
joint_constraints/bias = 0.3
joint_constraints/damping = 1.0
joint_constraints/impulse_clamp = 0.0

[node name="CollisionShape3D" type="CollisionShape3D" parent="steve2/Armature/Skeleton3D/Physical Bone Bone011"]
transform = Transform3D(1, 0, 0, 0, 0, 1, 0, -1, 0, 0, 0, 0)
shape = SubResource("CapsuleShape3D_1rv8h")

[node name="Physical Bone Bone012" type="PhysicalBone3D" parent="steve2/Armature/Skeleton3D" index="13"]
transform = Transform3D(0, 0, 1, 1, -2.8213e-07, 0, 2.8213e-07, 1, 0, -6.25, 0, 0)
joint_type = 1
joint_offset = Transform3D(1, 0, 0, 0, 1, 0, 0, 0, 1, 0, 0, 0.250001)
body_offset = Transform3D(1, 0, 0, 0, 0, -1, 0, 1, 0, 0, 0.250001, 0)
bone_name = "Bone.012"
joint_constraints/bias = 0.3
joint_constraints/damping = 1.0
joint_constraints/impulse_clamp = 0.0

[node name="CollisionShape3D" type="CollisionShape3D" parent="steve2/Armature/Skeleton3D/Physical Bone Bone012"]
transform = Transform3D(1, 0, 0, 0, 0, 1, 0, -1, 0, 0, 0, 0)
shape = SubResource("CapsuleShape3D_8w6tq")

[node name="Physical Bone Bone013" type="PhysicalBone3D" parent="steve2/Armature/Skeleton3D" index="14"]
transform = Transform3D(0, 0, 1, 1, -2.8213e-07, 0, 2.8213e-07, 1, 0, -6.75, 0, 0)
joint_type = 1
joint_offset = Transform3D(1, 0, 0, 0, 1, 0, 0, 0, 1, 0, 0, 0.25)
body_offset = Transform3D(1, 0, 0, 0, 0, -1, 0, 1, 0, 0, 0.25, 0)
bone_name = "Bone.013"
joint_constraints/bias = 0.3
joint_constraints/damping = 1.0
joint_constraints/impulse_clamp = 0.0

[node name="CollisionShape3D" type="CollisionShape3D" parent="steve2/Armature/Skeleton3D/Physical Bone Bone013"]
transform = Transform3D(1, 0, 0, 0, 0, 1, 0, -1, 0, 0, 0, 0)
shape = SubResource("CapsuleShape3D_7651a")

[node name="Physical Bone Bone014" type="PhysicalBone3D" parent="steve2/Armature/Skeleton3D" index="15"]
transform = Transform3D(0, 0, 1, 1, -2.8213e-07, 0, 2.8213e-07, 1, 0, -7.25, 0, 0)
joint_type = 1
joint_offset = Transform3D(1, 0, 0, 0, 1, 0, 0, 0, 1, 0, 0, 0.25)
body_offset = Transform3D(1, 0, 0, 0, 0, -1, 0, 1, 0, 0, 0.25, 0)
bone_name = "Bone.014"
joint_constraints/bias = 0.3
joint_constraints/damping = 1.0
joint_constraints/impulse_clamp = 0.0

[node name="CollisionShape3D" type="CollisionShape3D" parent="steve2/Armature/Skeleton3D/Physical Bone Bone014"]
transform = Transform3D(1, 0, 0, 0, 0, 1, 0, -1, 0, 0, 0, 0)
shape = SubResource("CapsuleShape3D_byed0")

[node name="Physical Bone Bone015" type="PhysicalBone3D" parent="steve2/Armature/Skeleton3D" index="16"]
transform = Transform3D(0, 0, 1, 1, -2.8213e-07, 0, 2.8213e-07, 1, 0, -7.75, 0, 0)
joint_type = 1
joint_offset = Transform3D(1, 0, 0, 0, 1, 0, 0, 0, 1, 0, 0, 0.25)
body_offset = Transform3D(1, 0, 0, 0, 0, -1, 0, 1, 0, 0, 0.25, 0)
bone_name = "Bone.015"
joint_constraints/bias = 0.3
joint_constraints/damping = 1.0
joint_constraints/impulse_clamp = 0.0

[node name="CollisionShape3D" type="CollisionShape3D" parent="steve2/Armature/Skeleton3D/Physical Bone Bone015"]
transform = Transform3D(1, 0, 0, 0, 0, 1, 0, -1, 0, 0, 0, 0)
shape = SubResource("CapsuleShape3D_r42ni")

[node name="Physical Bone Bone016" type="PhysicalBone3D" parent="steve2/Armature/Skeleton3D" index="17"]
transform = Transform3D(0, 0, 1, 1, -2.8213e-07, 0, 2.8213e-07, 1, 0, -8.25, 0, 0)
joint_type = 1
joint_offset = Transform3D(1, 0, 0, 0, 1, 0, 0, 0, 1, 0, 0, 0.249999)
body_offset = Transform3D(1, 0, 0, 0, 0, -1, 0, 1, 0, 0, 0.249999, 0)
bone_name = "Bone.016"
joint_constraints/bias = 0.3
joint_constraints/damping = 1.0
joint_constraints/impulse_clamp = 0.0

[node name="CollisionShape3D" type="CollisionShape3D" parent="steve2/Armature/Skeleton3D/Physical Bone Bone016"]
transform = Transform3D(1, 0, 0, 0, 0, 1, 0, -1, 0, 0, 0, 0)
shape = SubResource("CapsuleShape3D_e2pnn")

[node name="from_mixamo" parent="." instance=ExtResource("6_o1hs1")]
transform = Transform3D(1, 0, 0, 0, 1, 0, 0, 0, 1, 4.09329, 0.5, 21.6138)

[node name="Player" parent="." instance=ExtResource("7_fnn0g")]
transform = Transform3D(0.679031, 0, 0.734109, 0, 1, 0, -0.734109, 0, 0.679031, 0.371367, 2.61314, 19.2692)

[node name="Path3D" parent="Player" index="2"]
transform = Transform3D(1, 0, 0, 0, 1, 0, 0, 0, 1, 0.000321388, 0, 0.0121536)

[node name="MeshInstance3D" parent="Player/Path3D" index="0"]
visible = false

[editable path="steve2"]
[editable path="Player"]
